 70  -8 -57  97  -8  44   3   82  -57 -62 -37 -50  23   1 -46
-24  71  55  33 -26  84  16 -100    6  20 -75  73  47 -31  62
  6   5 -14  24  91 -60  32  -32  -82 -34  74 -20  46 -64  31
 -9  69 -24 -99  53  34  81  -97  -36  -8  -2  72 -12 -43 -84
 97 -69  76  10  22  39  18   11  -19  48 -92  16  56  80  29
 32  26  -9 -35  45 -15  41   95   57  12  -4  33  -4 -79  28
-17 -53  -5 -31  32  67 -49  -80   69 -38  70 -54  70  74  56
-88   0 -10 -75  35  19   3  -39  -49 -10 -96  50  -6  79 -57
-91 -46 -95 -10 -22  93  79   33   68  19 -62 -48 -41 -16 -54
 60  92 -53  65  37  10  37   76  -76 -73   4  84  75 -53 -92
-52  -4 -18 -84 -61 -99 -42  100   69  30 -68  33 -85  -7  22
 38  63  58  -3   8  85  32   59  -24 -25 -52 -97  26  10 -82
 96 -93  27  32  36  68  50   85   15  43  39  -1  90   7 -67
 -2   6  64  88 -74 -91  17  -52   60  64 -12  41 -76  12 -71
-86  -8  75  69 -37 -16  78  -81 -100 -59 -51  70 -95  11 -91